Analyte	Gene	Chromosome	Gene_start	Gene_end	Novelty	Discovery	Female_PWAS.Z	Female_PWAS.P	Male_PWAS.Z	Male_PWAS.P	COLOC_PP4	SMR_pFDR	HEIDI_P	best_pQTL_COLOC_PP4	best_pQTL_COLOC_sex
NA	YARS1	1	32775237	32818031	Novel_gene	Both	3.65741	0.000255	-0.62528	0.53178	0.13	0.027369517	NA	0.303	F
NA	MINDY1	1	150996549	151008376	Novel_gene	Secondary	-3.478434	0.000504	-1.4745	0.14035	0.132689841	0.180298431	0.9684737	0.164	M
NA	TDRKH	1	151770107	151791416	Novel_gene	Both	3.74877	0.000178	-0.38949	0.69692	0.14	0.049288973	0.2223061	0.151	M
X3642.4	CD84	1	160541095	160579516	Novel_gene.known_locus	Secondary	3.8088	0.00014	0.9016	0.367	0.72	0.003289554	0.4813182	0.808	M
NA	ADAM17	2	9488486	9556732	Known_gene	Secondary	-3.54278	0.000396	-0.71653	0.474	0.53	0.013129185	0.1206906	0.526	F
NA	MFSD6	2	190408355	190509205	Novel_gene	Secondary	-3.46305	0.000534	0.164659	0.869	0.19	0.012863047	0.2995661	0.227	F
NA	INPP5D	2	233059967	233207903	Novel_gene.known_locus	Primary	3.36277	0.000772	1.7382	0.0822	0.57	0.15589358	0.04430887	0.777	F
NA	USP19	3	49108046	49120938	Novel_gene	Secondary	-3.61962	0.000295	-1.23793	0.215743	0.32	0.015408089	0.4294204	0.322	F
NA	USP4	3	49277144	49340712	Novel_gene	Secondary	-3.69782	0.000217	-0.4165	0.677047	0.41	0.015230365	0.5277345	0.407	F
X9223.11	MANF	3	51385291	51389397	Novel_gene	Secondary	-3.3568	0.000788	-1.6259	0.10396	0.55	0.007135738	0.6442047	0.572	F
NA	NCK1	3	136862208	136951606	Novel_gene	Primary	4.081426	0.0000448	0.8283	0.40751	0.33	0.008543693	0.005505811	0.331	F
NA	METTL14	4	118685392	118715433	Novel_gene	Secondary	-3.9442	0.0000801	0.1622	0.871	0.27	0.013479593	0.3260193	0.306	F
NA	RAPGEF2	4	159103013	159360174	Novel_gene	Secondary	4.0894	0.0000433	0.362	0.717352	0.03	0.4577839	0.01128176	0.274	M
NA	ACSL6	5	131949973	132012243	Novel_gene	Primary	3.5831	0.00034	0.20399	0.838	0.16	0.027860188	0.8328208	0.176	F
NA	CDK14	7	90466424	91210590	Novel_gene	Both	-4.41427	0.0000101	-0.4583	0.647	0.77	0.007135738	0.8334164	0.774	F
NA	RASA4B	7	102479976	102517777	Novel_gene	Both	4.49856	0.00000684	1.5094	0.131	0.04	0.003289554	0.9360298	0.127	M
X3000.66	MBL2	10	52765380	52772784	Novel_gene	Secondary	3.4675	0.000525	1.4818	0.1384	0.2	0.033158593	0.895086	0.291	F
NA	ANXA11	10	80150889	80205572	Known_gene	Both	3.7444	0.000181	0.5845	0.55886	0.003457352	0.00105751	0.03989912	0.003	F
NA	TSPAN14	10	80454265	80533124	Known_gene	Both	5.8827	4.04E-09	1.2742	0.20258	0.99	0.000244199	0.8504965	0.986	F
NA	SFXN4	10	119140767	119165714	Novel_gene	Primary	-3.383	0.000717	-0.4595	0.64588	0.73	0.003289554	0.9445335	0.729	F
NA	PSEN1	14	73136418	73223691	Novel_gene	Both	-4.5741	0.00000478	-1.76631	0.077344	0.57	0.013684895	0.491641	0.566	F
NA	ETFA	15	76188555	76311730	Novel_gene	Both	4.83862	0.00000131	0.9431	0.346	0.79	0.001090655	0.1663833	0.807	F
NA	SCAPER	15	76347904	76905444	Novel_gene	Primary	-3.572	0.000354	-0.9493	0.342	0.66	0.00184002	0.4672593	0.664	F
NA	RCN2	15	76931738	76954393	Novel_gene	Secondary	3.44718	0.000566	1.24	0.215149	0.19	0.010968176	0.1519871	0.656	M
X7905.30	HP	16	72054505	72061055	Novel_gene	Both	4.76	0.00000196	1.76	0.0786	0.9967353	0.00012618	0.01300691	0.988	F
NA	SLC7A5	16	87830016	87869507	Novel_gene	Secondary	3.7977	0.000146	1.81548	0.06945	0.85	0.003289554	0.1649705	0.854	F
X16616.137	ENO3	17	4948092	4957131	Novel_gene.known_locus	Secondary	3.7837	0.000155	0.1746	0.861	0.47	0.003289554	0.1346926	0.717	M
NA	RABEP1	17	5282265	5386340	Novel_gene.known_locus	Primary	3.5948	0.000325	1.4717	0.141092	0.08	0.008798807	0.3899935	0.066	F
NA	TOM1L2	17	17843507	17972422	Novel_gene.known_locus	Both	3.921	0.0000882	1.439	0.15	0.79	0.001090655	0.4203606	0.789	F
NA	SLC44A2	19	10602457	10644557	Novel_gene	Both	-3.7709	0.000163	-1.4054	0.1599	0.71	0.003289554	0.8064222	0.767	F
NA	CARM1	19	10871553	10923075	Novel_gene	Both	-3.599	0.000319	-1.463	0.14347	0.76	0.003289554	0.5084989	0.76	F
NA	FAM98C	19	38403093	38409088	Novel_gene	Secondary	3.37587	0.000736	0.2328	0.81593	0.101889202	0.029141686	0.1855745	0.102	F
NA	ARSA	22	50622754	50628173	Novel_gene	Both	3.44217	0.000577	0.96938	0.332353	0.29	0.004937595	0.2350283	0.677	F
X18331.3	GBA1	1	155234452	155244699	Novel_gene	Secondary	-1.774	0.0761	-5.0759	0.000000386	0.9921	0.00024554	0.3921682	0.998	F
NA	RFTN1	3	16313574	16514026	Novel_gene	Secondary	-0.53956	0.589499	-3.68007	0.000233	0.91	0.01543812	0.4581277	0.648	F
NA	CARMIL1	6	25279078	25620530	Novel_gene	Secondary	0.71955	0.472	3.9621	0.0000743	0.786900765	0.00277754	0.000337427	0.905	M
NA	PHB1	17	49404049	49414905	Novel_gene.known_locus	Secondary	-1.09406	0.274	-3.94037	0.0000814	0.85	0.012611628	0.5826936	0.848	M